yux1:5800.401311771774
yux2:5656.921695240322
yux3:5559.751361537958
yux9:5549.711472211817
yux8:5540.085955772776
yux7:5539.796192882168
yux5:5450.340192252626
yux6:5421.299311524954
zs1:5329.438604748019
yux4:5214.801590824405
zs2:5207.9068772975015
zs3:5072.620945309084
zs4:4943.852333186364
ft2:4905.071592329821
ft1:4902.071592329821
ft4:4757.976259895472
ft3:4743.882601269828
dx3:4478.695588597042
dx8:4458.803821090395
dx1:4406.719362678969
dx2:4397.689415992728
dx6:4394.77346272755
dx7:4377.748284573758
gg2:4320.804689281224
gg1:4313.237283499136
dx4:4306.473294340211
dx5:4304.969869522
dx10:4304.503553241072
gg5:4300.132216822438
dx9:4299.516708858569
gg13:4251.701361339832
gg8:4215.928904678603
gg9:4207.008971250048
gg7:4171.905766341807
gg11:4170.746379008445
gg10:4170.038228789372
gg3:4167.878345942395
gg4:4167.788968805785
gg6:4160.735860681524
gg14:4097.036327025936
gg12:4079.60244977454
gg15:3915.8899900544648
ly5:3913.376449683449
ly4:3907.5391972562984
ly1:3887.7707471141575
ly6:3830.8222050331988
ly2:3809.804983956106
ly7:3742.85086588637
bx5:3727.8620604645316
ly3:3725.01285122871
bx11:3722.875075627858
bx6:3668.180929127673
bx3:3651.7550156990674
bx4:3648.855731604117
bx10:3648.848053534571
bx9:3648.75515574528
bx8:3590.731299565421
bx2:3584.7132462330396
bx7:3582.740891674498
bx1:3582.7016198978263
yinx3:3306.591991018046
yinx4:3300.672982303757
yinx5:3234.6589006415143
yinx6:3227.6231977370267
yinx1:3129.2615004301474
yinx2:3123.427119560102
fr10:1367.2669087984766
fr9:1360.275492334684
fr6:1226.9216115299357
fr8:1219.5364547378779
fr5:1153.9499919096545
fr7:1150.9538804364563
fr3:1120.8332178600836
fr1:1090.6361236947807
fr4:1088.225016832876
fr2:1009.9824046981854
na13:933.8386179372055
na11:855.1548965735694
na12:853.8136062221234
na7:822.8384001408385
na10:790.7227593249955
na5:751.3611227110028
na6:748.3528894009099
na8:712.2620190317289
na9:711.300769363777
ng1:698.7708341198959
ng2:644.7412606392619
ng3:644.5712315258522
ng8:580.1245894726001
ng5:578.0084472299596
ng4:574.023595268398
ng7:573.0719942917192
na4:561.8462918660833
ng6:531.9250724860302
na3:484.05631724006554
na2:476.05911686825544
na1:0
